last epoch last two entries

8560/8566 [============================>.] - ETA: 1s - loss: 2.7275e-05 - acc: 1.0000
8566/8566 [==============================] - 1622s 189ms/step - loss: 2.7297e-05 - acc: 1.0000 - val_loss: 1.1921e-07 - val_acc: 1.0000

Test accuracy: 1.0 or 100%

Testing samples
expected output-
[ 85  36 118  51]
real output-

[[0. 0. 0. 0. 0. 0. 0. 0. 0. 0. 0. 0. 0. 0. 0. 0. 0. 0. 0. 0. 0. 0. 0. 0.
  0. 0. 0. 0. 0. 0. 0. 0. 0. 0. 0. 0. 0. 0. 0. 0. 0. 0. 0. 0. 0. 0. 0. 0.
  0. 0. 0. 0. 0. 0. 0. 0. 0. 0. 0. 0. 0. 0. 0. 0. 0. 0. 0. 0. 0. 0. 0. 0.
  0. 0. 0. 0. 0. 0. 0. 0. 0. 0. 0. 0. 0. 1. 0. 0. 0. 0. 0. 0. 0. 0. 0. 0.
  0. 0. 0. 0. 0. 0. 0. 0. 0. 0. 0. 0. 0. 0. 0. 0. 0. 0. 0. 0. 0. 0. 0. 0.
  0. 0. 0.] = 85
 [0. 0. 0. 0. 0. 0. 0. 0. 0. 0. 0. 0. 0. 0. 0. 0. 0. 0. 0. 0. 0. 0. 0. 0.
  0. 0. 0. 0. 0. 0. 0. 0. 0. 0. 0. 0. 1. 0. 0. 0. 0. 0. 0. 0. 0. 0. 0. 0.
  0. 0. 0. 0. 0. 0. 0. 0. 0. 0. 0. 0. 0. 0. 0. 0. 0. 0. 0. 0. 0. 0. 0. 0.
  0. 0. 0. 0. 0. 0. 0. 0. 0. 0. 0. 0. 0. 0. 0. 0. 0. 0. 0. 0. 0. 0. 0. 0.
  0. 0. 0. 0. 0. 0. 0. 0. 0. 0. 0. 0. 0. 0. 0. 0. 0. 0. 0. 0. 0. 0. 0. 0.
  0. 0. 0.] = 36
 [0. 0. 0. 0. 0. 0. 0. 0. 0. 0. 0. 0. 0. 0. 0. 0. 0. 0. 0. 0. 0. 0. 0. 0.
  0. 0. 0. 0. 0. 0. 0. 0. 0. 0. 0. 0. 0. 0. 0. 0. 0. 0. 0. 0. 0. 0. 0. 0.
  0. 0. 0. 0. 0. 0. 0. 0. 0. 0. 0. 0. 0. 0. 0. 0. 0. 0. 0. 0. 0. 0. 0. 0.
  0. 0. 0. 0. 0. 0. 0. 0. 0. 0. 0. 0. 0. 0. 0. 0. 0. 0. 0. 0. 0. 0. 0. 0.
  0. 0. 0. 0. 0. 0. 0. 0. 0. 0. 0. 0. 0. 0. 0. 0. 0. 0. 0. 0. 0. 0. 1. 0.
  0. 0. 0.] = 118
 [0. 0. 0. 0. 0. 0. 0. 0. 0. 0. 0. 0. 0. 0. 0. 0. 0. 0. 0. 0. 0. 0. 0. 0.
  0. 0. 0. 0. 0. 0. 0. 0. 0. 0. 0. 0. 0. 0. 0. 0. 0. 0. 0. 0. 0. 0. 0. 0.
  0. 0. 0. 1. 0. 0. 0. 0. 0. 0. 0. 0. 0. 0. 0. 0. 0. 0. 0. 0. 0. 0. 0. 0.
  0. 0. 0. 0. 0. 0. 0. 0. 0. 0. 0. 0. 0. 0. 0. 0. 0. 0. 0. 0. 0. 0. 0. 0.
  0. 0. 0. 0. 0. 0. 0. 0. 0. 0. 0. 0. 0. 0. 0. 0. 0. 0. 0. 0. 0. 0. 0. 0.
  0. 0. 0.]] = 51

Prediction on a lot of classes-
[[6.56479333e-16 1.12077377e-19 1.27430527e-15 ... 1.34486051e-17
  1.97501262e-18 1.23718675e-17]
 [2.47277021e-21 4.82646187e-19 2.24358033e-19 ... 3.99480697e-21
  2.90446539e-16 8.08100690e-21]
 [1.59281483e-13 1.06026807e-14 5.42096478e-14 ... 1.38405428e-13
  8.23700829e-18 1.83692647e-14]
 ...
 [8.25853735e-16 1.52807801e-16 2.40243525e-17 ... 8.13181809e-20
  2.08129861e-19 2.16203898e-18]
 [3.01275102e-19 3.53580934e-17 9.26662626e-19 ... 8.14652487e-15
  1.41563748e-15 6.55659905e-19]
 [2.44768914e-17 2.66870436e-17 2.02156324e-18 ... 3.86214201e-17
  2.20954169e-16 5.80094749e-17]]

Result-
[15 85 36 ... 32 39 19]

Confusion Matrix:

[[ 5  0  0 ...  0  0  0]
 [ 0 23  0 ...  0  0  0]
 [ 0  0 22 ...  0  0  0]
 ...
 [ 0  0  0 ... 22  0  0]
 [ 0  0  0 ...  0  3  0]
 [ 0  0  0 ...  0  0 18]]